0123456789012345678901234567890123456789012345678901234567890123456789012345678901234567890123456789
1         10        20        30        40        50        60        70        80        90
2
3
4
5
6
7
8
9
0 10
1
2
3
4
5
6
7
8
9
0 20
1
2
3
4
5
6
7
8
9
0 30
1
2
3
4
5
6
7
8
9
0 40
1
2
3
4
5
6
7
8
9
0 50
1
2
3
4
5
6
7
8
9
0 60
1
2
3
4
5
6
7
8
9
0 70
1
2
3
4
5
6
7
8
9
0 80
1
2
3
4
5
6
7
8
9
0 90
1
2
3
4
5
6
7
8
9
